218.7
220.4
219.6
221.2
217.9
220.8
219.9
222.1
218.5
220.1
219.3
221.6
220.6
218.9
219.8
223.0
217.4
220.3
221.0
219.5
218.2
222.4
220.0
219.1
221.4
218.8
220.7
219.7
222.0
217.7
220.2
221.1
219.4
218.6
222.7
220.5
219.0
221.8
218.3
219.9
220.9
217.6
221.3
219.2
222.2
218.4
220.1
219.6
221.5
218.9
220.6
219.8
223.1
217.3
220.4
221.0
219.3
218.1
222.5
220.0
219.5
221.7
218.7
220.8
219.1
222.3
217.8
220.2
221.2
219.7
218.5
222.8
220.5
219.4
221.9
218.0
220.7
219.9
222.1
217.5
220.3
221.1
219.2
218.8
222.6
220.1
219.6
221.4
218.4
220.9
219.0
223.2
217.2
220.4
221.3
219.5
218.2
222.4
220.0
219.8
221.6
218.6
220.6
219.3
222.0
217.9
220.2
221.0
219.7
218.3
222.9
220.5
219.1
221.8
218.7
220.8
219.4
222.2
217.6
220.3
